  0.10000E-01  0.34885E-01  0.73608E+02
  0.20000E-01  0.34885E-01  0.26791E+02
  0.30000E-01  0.34885E-01  0.13418E+02
  0.40000E-01  0.34885E-01  0.80816E+01
  0.50000E-01  0.34885E-01  0.54242E+01
  0.60000E-01  0.34885E-01  0.39032E+01
  0.70000E-01  0.34885E-01  0.29539E+01
  0.80000E-01  0.34885E-01  0.23195E+01
  0.90000E-01  0.34885E-01  0.18748E+01
  0.10000E+00  0.34885E-01  0.15504E+01
  0.11000E+00  0.34885E-01  0.13065E+01
  0.12000E+00  0.34885E-01  0.11183E+01
  0.13000E+00  0.34885E-01  0.97004E+00
  0.14000E+00  0.34885E-01  0.85108E+00
  0.15000E+00  0.34885E-01  0.75417E+00
  0.16000E+00  0.34885E-01  0.67416E+00
  0.17000E+00  0.34885E-01  0.60734E+00
  0.18000E+00  0.34885E-01  0.55097E+00
  0.19000E+00  0.34885E-01  0.50298E+00
  0.20000E+00  0.34885E-01  0.46179E+00
  0.21000E+00  0.34885E-01  0.42618E+00
  0.22000E+00  0.34885E-01  0.39521E+00
  0.23000E+00  0.34885E-01  0.36812E+00
  0.24000E+00  0.34885E-01  0.34430E+00
  0.25000E+00  0.34885E-01  0.32325E+00
  0.26000E+00  0.34885E-01  0.30457E+00
  0.27000E+00  0.34885E-01  0.28793E+00
  0.28000E+00  0.34885E-01  0.27307E+00
  0.29000E+00  0.34885E-01  0.25973E+00
  0.30000E+00  0.34885E-01  0.24773E+00
  0.31000E+00  0.34885E-01  0.23693E+00
  0.32000E+00  0.34885E-01  0.22721E+00
  0.33000E+00  0.34885E-01  0.21844E+00
  0.34000E+00  0.34885E-01  0.21050E+00
  0.35000E+00  0.34885E-01  0.20328E+00
  0.36000E+00  0.34885E-01  0.19671E+00
  0.37000E+00  0.34885E-01  0.19077E+00
  0.38000E+00  0.34885E-01  0.18541E+00
  0.39000E+00  0.34885E-01  0.18054E+00
  0.40000E+00  0.34885E-01  0.17608E+00
  0.41000E+00  0.34885E-01  0.17201E+00
  0.42000E+00  0.34885E-01  0.16832E+00
  0.43000E+00  0.34885E-01  0.16504E+00
  0.44000E+00  0.34885E-01  0.16218E+00
  0.45000E+00  0.34885E-01  0.15969E+00
  0.46000E+00  0.34885E-01  0.15749E+00
  0.47000E+00  0.34885E-01  0.15554E+00
  0.48000E+00  0.34885E-01  0.15379E+00
  0.49000E+00  0.34885E-01  0.15221E+00
  0.50000E+00  0.34885E-01  0.15085E+00
  0.51000E+00  0.34885E-01  0.14983E+00
  0.52000E+00  0.34885E-01  0.14916E+00
  0.53000E+00  0.34885E-01  0.14869E+00
  0.54000E+00  0.34885E-01  0.14834E+00
  0.55000E+00  0.34885E-01  0.14811E+00
  0.56000E+00  0.34885E-01  0.14805E+00
  0.57000E+00  0.34885E-01  0.14815E+00
  0.58000E+00  0.34885E-01  0.14843E+00
  0.59000E+00  0.34885E-01  0.14893E+00
  0.60000E+00  0.34885E-01  0.14978E+00
  0.61000E+00  0.34885E-01  0.15101E+00
  0.62000E+00  0.34885E-01  0.15258E+00
  0.63000E+00  0.34885E-01  0.15440E+00
  0.64000E+00  0.34885E-01  0.15645E+00
  0.65000E+00  0.34885E-01  0.15875E+00
  0.66000E+00  0.34885E-01  0.16133E+00
  0.67000E+00  0.34885E-01  0.16421E+00
  0.68000E+00  0.34885E-01  0.16734E+00
  0.69000E+00  0.34885E-01  0.17069E+00
  0.70000E+00  0.34885E-01  0.17423E+00
  0.71000E+00  0.34885E-01  0.17800E+00
  0.72000E+00  0.34885E-01  0.18211E+00
  0.73000E+00  0.34885E-01  0.18678E+00
  0.74000E+00  0.34885E-01  0.19217E+00
  0.75000E+00  0.34885E-01  0.19834E+00
  0.76000E+00  0.34885E-01  0.20525E+00
  0.77000E+00  0.34885E-01  0.21290E+00
  0.78000E+00  0.34885E-01  0.22131E+00
  0.79000E+00  0.34885E-01  0.23055E+00
  0.80000E+00  0.34885E-01  0.24075E+00
  0.81000E+00  0.34885E-01  0.25205E+00
  0.82000E+00  0.34885E-01  0.26460E+00
  0.83000E+00  0.34885E-01  0.27851E+00
  0.84000E+00  0.34885E-01  0.29394E+00
  0.85000E+00  0.34885E-01  0.31145E+00
  0.86000E+00  0.34885E-01  0.33292E+00
  0.87000E+00  0.34885E-01  0.36006E+00
  0.88000E+00  0.34885E-01  0.38973E+00
  0.89000E+00  0.34885E-01  0.42102E+00
  0.90000E+00  0.34885E-01  0.45913E+00
  0.91000E+00  0.34885E-01  0.50408E+00
  0.92000E+00  0.34885E-01  0.57398E+00
  0.93000E+00  0.34885E-01  0.65501E+00
  0.94000E+00  0.34885E-01  0.76196E+00
  0.95000E+00  0.34885E-01  0.92638E+00
  0.96000E+00  0.34885E-01  0.11405E+01
  0.97000E+00  0.34885E-01  0.15316E+01
  0.98000E+00  0.34885E-01  0.22743E+01
  0.99000E+00  0.34885E-01  0.46316E+01
  0.10000E+01  0.34885E-01  0.11841E+04
